Processing utterance ID: utt2a
The time step is 68:
-170141173319264429905852091742258462720.000000
-170141173319264429905852091742258462720.000000
-170141173319264429905852091742258462720.000000
-170141173319264429905852091742258462720.000000
-170141173319264429905852091742258462720.000000
-170141173319264429905852091742258462720.000000
-170141173319264429905852091742258462720.000000
-170141173319264429905852091742258462720.000000
-170141173319264429905852091742258462720.000000
-170141173319264429905852091742258462720.000000
-170141173319264429905852091742258462720.000000
-170141173319264429905852091742258462720.000000
-170141173319264429905852091742258462720.000000
0.000000
-170141173319264429905852091742258462720.000000
-170141173319264429905852091742258462720.000000
-170141173319264429905852091742258462720.000000
-170141173319264429905852091742258462720.000000
0.000000
-170141173319264429905852091742258462720.000000
The time step is 67:
-170141173319264429905852091742258462720.000000
-170141173319264429905852091742258462720.000000
-170141173319264429905852091742258462720.000000
-170141173319264429905852091742258462720.000000
-170141173319264429905852091742258462720.000000
-170141173319264429905852091742258462720.000000
-170141173319264429905852091742258462720.000000
-170141173319264429905852091742258462720.000000
-170141173319264429905852091742258462720.000000
-170141173319264429905852091742258462720.000000
-170141173319264429905852091742258462720.000000
-170141173319264429905852091742258462720.000000
-170141173319264429905852091742258462720.000000
-170141173319264429905852091742258462720.000000
-170141173319264429905852091742258462720.000000
-170141173319264429905852091742258462720.000000
-170141173319264429905852091742258462720.000000
-170141173319264429905852091742258462720.000000
-170141173319264429905852091742258462720.000000
-170141173319264429905852091742258462720.000000
The time step is 66:
-170141173319264429905852091742258462720.000000
-170141173319264429905852091742258462720.000000
-170141173319264429905852091742258462720.000000
-170141173319264429905852091742258462720.000000
-170141173319264429905852091742258462720.000000
-170141173319264429905852091742258462720.000000
-170141173319264429905852091742258462720.000000
-170141173319264429905852091742258462720.000000
-170141173319264429905852091742258462720.000000
-170141173319264429905852091742258462720.000000
-170141173319264429905852091742258462720.000000
-170141173319264429905852091742258462720.000000
-170141173319264429905852091742258462720.000000
-170141173319264429905852091742258462720.000000
-170141173319264429905852091742258462720.000000
-170141173319264429905852091742258462720.000000
-170141173319264429905852091742258462720.000000
-170141173319264429905852091742258462720.000000
-170141173319264429905852091742258462720.000000
-170141173319264429905852091742258462720.000000
The time step is 65:
-170141173319264429905852091742258462720.000000
-170141173319264429905852091742258462720.000000
-170141173319264429905852091742258462720.000000
-170141173319264429905852091742258462720.000000
-170141173319264429905852091742258462720.000000
-170141173319264429905852091742258462720.000000
-170141173319264429905852091742258462720.000000
-170141173319264429905852091742258462720.000000
-170141173319264429905852091742258462720.000000
-170141173319264429905852091742258462720.000000
-170141173319264429905852091742258462720.000000
-170141173319264429905852091742258462720.000000
-170141173319264429905852091742258462720.000000
-170141173319264429905852091742258462720.000000
-170141173319264429905852091742258462720.000000
-170141173319264429905852091742258462720.000000
-170141173319264429905852091742258462720.000000
-170141173319264429905852091742258462720.000000
-170141173319264429905852091742258462720.000000
-170141173319264429905852091742258462720.000000
The time step is 64:
-170141173319264429905852091742258462720.000000
-170141173319264429905852091742258462720.000000
-170141173319264429905852091742258462720.000000
-170141173319264429905852091742258462720.000000
-170141173319264429905852091742258462720.000000
-170141173319264429905852091742258462720.000000
-170141173319264429905852091742258462720.000000
-170141173319264429905852091742258462720.000000
-170141173319264429905852091742258462720.000000
-170141173319264429905852091742258462720.000000
-170141173319264429905852091742258462720.000000
-170141173319264429905852091742258462720.000000
-170141173319264429905852091742258462720.000000
-170141173319264429905852091742258462720.000000
-170141173319264429905852091742258462720.000000
-170141173319264429905852091742258462720.000000
-170141173319264429905852091742258462720.000000
-170141173319264429905852091742258462720.000000
-170141173319264429905852091742258462720.000000
-170141173319264429905852091742258462720.000000
The time step is 63:
-170141173319264429905852091742258462720.000000
-170141173319264429905852091742258462720.000000
-170141173319264429905852091742258462720.000000
-170141173319264429905852091742258462720.000000
-170141173319264429905852091742258462720.000000
-170141173319264429905852091742258462720.000000
-170141173319264429905852091742258462720.000000
-170141173319264429905852091742258462720.000000
-170141173319264429905852091742258462720.000000
-170141173319264429905852091742258462720.000000
-170141173319264429905852091742258462720.000000
-170141173319264429905852091742258462720.000000
-170141173319264429905852091742258462720.000000
-170141173319264429905852091742258462720.000000
-170141173319264429905852091742258462720.000000
-170141173319264429905852091742258462720.000000
-170141173319264429905852091742258462720.000000
-170141173319264429905852091742258462720.000000
-170141173319264429905852091742258462720.000000
-170141173319264429905852091742258462720.000000
The time step is 62:
-170141173319264429905852091742258462720.000000
-170141173319264429905852091742258462720.000000
-170141173319264429905852091742258462720.000000
-170141173319264429905852091742258462720.000000
-170141173319264429905852091742258462720.000000
-170141173319264429905852091742258462720.000000
-170141173319264429905852091742258462720.000000
-170141173319264429905852091742258462720.000000
-170141173319264429905852091742258462720.000000
-170141173319264429905852091742258462720.000000
-170141173319264429905852091742258462720.000000
-170141173319264429905852091742258462720.000000
-170141173319264429905852091742258462720.000000
-170141173319264429905852091742258462720.000000
-170141173319264429905852091742258462720.000000
-170141173319264429905852091742258462720.000000
-170141173319264429905852091742258462720.000000
-170141173319264429905852091742258462720.000000
-170141173319264429905852091742258462720.000000
-170141173319264429905852091742258462720.000000
The time step is 61:
-170141173319264429905852091742258462720.000000
-170141173319264429905852091742258462720.000000
-170141173319264429905852091742258462720.000000
-170141173319264429905852091742258462720.000000
-170141173319264429905852091742258462720.000000
-170141173319264429905852091742258462720.000000
-170141173319264429905852091742258462720.000000
-170141173319264429905852091742258462720.000000
-170141173319264429905852091742258462720.000000
-170141173319264429905852091742258462720.000000
-170141173319264429905852091742258462720.000000
-170141173319264429905852091742258462720.000000
-170141173319264429905852091742258462720.000000
-170141173319264429905852091742258462720.000000
-170141173319264429905852091742258462720.000000
-170141173319264429905852091742258462720.000000
-170141173319264429905852091742258462720.000000
-170141173319264429905852091742258462720.000000
-170141173319264429905852091742258462720.000000
-170141173319264429905852091742258462720.000000
The time step is 60:
-170141173319264429905852091742258462720.000000
-170141173319264429905852091742258462720.000000
-170141173319264429905852091742258462720.000000
-170141173319264429905852091742258462720.000000
-170141173319264429905852091742258462720.000000
-170141173319264429905852091742258462720.000000
-170141173319264429905852091742258462720.000000
-170141173319264429905852091742258462720.000000
-170141173319264429905852091742258462720.000000
-170141173319264429905852091742258462720.000000
-170141173319264429905852091742258462720.000000
-170141173319264429905852091742258462720.000000
-170141173319264429905852091742258462720.000000
-170141173319264429905852091742258462720.000000
-170141173319264429905852091742258462720.000000
-170141173319264429905852091742258462720.000000
-170141173319264429905852091742258462720.000000
-170141173319264429905852091742258462720.000000
-170141173319264429905852091742258462720.000000
-170141173319264429905852091742258462720.000000
The time step is 59:
-170141173319264429905852091742258462720.000000
-170141173319264429905852091742258462720.000000
-170141173319264429905852091742258462720.000000
-170141173319264429905852091742258462720.000000
-170141173319264429905852091742258462720.000000
-170141173319264429905852091742258462720.000000
-170141173319264429905852091742258462720.000000
-170141173319264429905852091742258462720.000000
-170141173319264429905852091742258462720.000000
-170141173319264429905852091742258462720.000000
-170141173319264429905852091742258462720.000000
-170141173319264429905852091742258462720.000000
-170141173319264429905852091742258462720.000000
-170141173319264429905852091742258462720.000000
-170141173319264429905852091742258462720.000000
-170141173319264429905852091742258462720.000000
-170141173319264429905852091742258462720.000000
-170141173319264429905852091742258462720.000000
-170141173319264429905852091742258462720.000000
-170141173319264429905852091742258462720.000000
The time step is 58:
-170141173319264429905852091742258462720.000000
-170141173319264429905852091742258462720.000000
-170141173319264429905852091742258462720.000000
-170141173319264429905852091742258462720.000000
-170141173319264429905852091742258462720.000000
-170141173319264429905852091742258462720.000000
-170141173319264429905852091742258462720.000000
-170141173319264429905852091742258462720.000000
-170141173319264429905852091742258462720.000000
-170141173319264429905852091742258462720.000000
-170141173319264429905852091742258462720.000000
-170141173319264429905852091742258462720.000000
-170141173319264429905852091742258462720.000000
-170141173319264429905852091742258462720.000000
-170141173319264429905852091742258462720.000000
-170141173319264429905852091742258462720.000000
-170141173319264429905852091742258462720.000000
-170141173319264429905852091742258462720.000000
-170141173319264429905852091742258462720.000000
-170141173319264429905852091742258462720.000000
The time step is 57:
-170141173319264429905852091742258462720.000000
-170141173319264429905852091742258462720.000000
-170141173319264429905852091742258462720.000000
-170141173319264429905852091742258462720.000000
-170141173319264429905852091742258462720.000000
-170141173319264429905852091742258462720.000000
-170141173319264429905852091742258462720.000000
-170141173319264429905852091742258462720.000000
-170141173319264429905852091742258462720.000000
-170141173319264429905852091742258462720.000000
-170141173319264429905852091742258462720.000000
-170141173319264429905852091742258462720.000000
-170141173319264429905852091742258462720.000000
-170141173319264429905852091742258462720.000000
-170141173319264429905852091742258462720.000000
-170141173319264429905852091742258462720.000000
-170141173319264429905852091742258462720.000000
-170141173319264429905852091742258462720.000000
-170141173319264429905852091742258462720.000000
-170141173319264429905852091742258462720.000000
The time step is 56:
-170141173319264429905852091742258462720.000000
-170141173319264429905852091742258462720.000000
-170141173319264429905852091742258462720.000000
-170141173319264429905852091742258462720.000000
-170141173319264429905852091742258462720.000000
-170141173319264429905852091742258462720.000000
-170141173319264429905852091742258462720.000000
-170141173319264429905852091742258462720.000000
-170141173319264429905852091742258462720.000000
-170141173319264429905852091742258462720.000000
-170141173319264429905852091742258462720.000000
-170141173319264429905852091742258462720.000000
-170141173319264429905852091742258462720.000000
-170141173319264429905852091742258462720.000000
-170141173319264429905852091742258462720.000000
-170141173319264429905852091742258462720.000000
-170141173319264429905852091742258462720.000000
-170141173319264429905852091742258462720.000000
-170141173319264429905852091742258462720.000000
-170141173319264429905852091742258462720.000000
The time step is 55:
-170141173319264429905852091742258462720.000000
-170141173319264429905852091742258462720.000000
-170141173319264429905852091742258462720.000000
-170141173319264429905852091742258462720.000000
-170141173319264429905852091742258462720.000000
-170141173319264429905852091742258462720.000000
-170141173319264429905852091742258462720.000000
-170141173319264429905852091742258462720.000000
-170141173319264429905852091742258462720.000000
-170141173319264429905852091742258462720.000000
-170141173319264429905852091742258462720.000000
-170141173319264429905852091742258462720.000000
-170141173319264429905852091742258462720.000000
-170141173319264429905852091742258462720.000000
-170141173319264429905852091742258462720.000000
-170141173319264429905852091742258462720.000000
-170141173319264429905852091742258462720.000000
-170141173319264429905852091742258462720.000000
-170141173319264429905852091742258462720.000000
-170141173319264429905852091742258462720.000000
The time step is 54:
-170141173319264429905852091742258462720.000000
-170141173319264429905852091742258462720.000000
-170141173319264429905852091742258462720.000000
-170141173319264429905852091742258462720.000000
-170141173319264429905852091742258462720.000000
-170141173319264429905852091742258462720.000000
-170141173319264429905852091742258462720.000000
-170141173319264429905852091742258462720.000000
-170141173319264429905852091742258462720.000000
-170141173319264429905852091742258462720.000000
-170141173319264429905852091742258462720.000000
-170141173319264429905852091742258462720.000000
-170141173319264429905852091742258462720.000000
-170141173319264429905852091742258462720.000000
-170141173319264429905852091742258462720.000000
-170141173319264429905852091742258462720.000000
-170141173319264429905852091742258462720.000000
-170141173319264429905852091742258462720.000000
-170141173319264429905852091742258462720.000000
-170141173319264429905852091742258462720.000000
The time step is 53:
-170141173319264429905852091742258462720.000000
-170141173319264429905852091742258462720.000000
-170141173319264429905852091742258462720.000000
-170141173319264429905852091742258462720.000000
-170141173319264429905852091742258462720.000000
-170141173319264429905852091742258462720.000000
-170141173319264429905852091742258462720.000000
-170141173319264429905852091742258462720.000000
-170141173319264429905852091742258462720.000000
-170141173319264429905852091742258462720.000000
-170141173319264429905852091742258462720.000000
-170141173319264429905852091742258462720.000000
-170141173319264429905852091742258462720.000000
-170141173319264429905852091742258462720.000000
-170141173319264429905852091742258462720.000000
-170141173319264429905852091742258462720.000000
-170141173319264429905852091742258462720.000000
-170141173319264429905852091742258462720.000000
-170141173319264429905852091742258462720.000000
-170141173319264429905852091742258462720.000000
The time step is 52:
-170141173319264429905852091742258462720.000000
-170141173319264429905852091742258462720.000000
-170141173319264429905852091742258462720.000000
-170141173319264429905852091742258462720.000000
-170141173319264429905852091742258462720.000000
-170141173319264429905852091742258462720.000000
-170141173319264429905852091742258462720.000000
-170141173319264429905852091742258462720.000000
-170141173319264429905852091742258462720.000000
-170141173319264429905852091742258462720.000000
-170141173319264429905852091742258462720.000000
-170141173319264429905852091742258462720.000000
-170141173319264429905852091742258462720.000000
-170141173319264429905852091742258462720.000000
-170141173319264429905852091742258462720.000000
-170141173319264429905852091742258462720.000000
-170141173319264429905852091742258462720.000000
-170141173319264429905852091742258462720.000000
-170141173319264429905852091742258462720.000000
-170141173319264429905852091742258462720.000000
The time step is 51:
-170141173319264429905852091742258462720.000000
-170141173319264429905852091742258462720.000000
-170141173319264429905852091742258462720.000000
-170141173319264429905852091742258462720.000000
-170141173319264429905852091742258462720.000000
-170141173319264429905852091742258462720.000000
-170141173319264429905852091742258462720.000000
-170141173319264429905852091742258462720.000000
-170141173319264429905852091742258462720.000000
-170141173319264429905852091742258462720.000000
-170141173319264429905852091742258462720.000000
-170141173319264429905852091742258462720.000000
-170141173319264429905852091742258462720.000000
-170141173319264429905852091742258462720.000000
-170141173319264429905852091742258462720.000000
-170141173319264429905852091742258462720.000000
-170141173319264429905852091742258462720.000000
-170141173319264429905852091742258462720.000000
-170141173319264429905852091742258462720.000000
-170141173319264429905852091742258462720.000000
The time step is 50:
-170141173319264429905852091742258462720.000000
-170141173319264429905852091742258462720.000000
-170141173319264429905852091742258462720.000000
-170141173319264429905852091742258462720.000000
-170141173319264429905852091742258462720.000000
-170141173319264429905852091742258462720.000000
-170141173319264429905852091742258462720.000000
-170141173319264429905852091742258462720.000000
-170141173319264429905852091742258462720.000000
-170141173319264429905852091742258462720.000000
-170141173319264429905852091742258462720.000000
-170141173319264429905852091742258462720.000000
-170141173319264429905852091742258462720.000000
-170141173319264429905852091742258462720.000000
-170141173319264429905852091742258462720.000000
-170141173319264429905852091742258462720.000000
-170141173319264429905852091742258462720.000000
-170141173319264429905852091742258462720.000000
-170141173319264429905852091742258462720.000000
-170141173319264429905852091742258462720.000000
The time step is 49:
-170141173319264429905852091742258462720.000000
-170141173319264429905852091742258462720.000000
-170141173319264429905852091742258462720.000000
-170141173319264429905852091742258462720.000000
-170141173319264429905852091742258462720.000000
-170141173319264429905852091742258462720.000000
-170141173319264429905852091742258462720.000000
-170141173319264429905852091742258462720.000000
-170141173319264429905852091742258462720.000000
-170141173319264429905852091742258462720.000000
-170141173319264429905852091742258462720.000000
-170141173319264429905852091742258462720.000000
-170141173319264429905852091742258462720.000000
-170141173319264429905852091742258462720.000000
-170141173319264429905852091742258462720.000000
-170141173319264429905852091742258462720.000000
-170141173319264429905852091742258462720.000000
-170141173319264429905852091742258462720.000000
-170141173319264429905852091742258462720.000000
-170141173319264429905852091742258462720.000000
The time step is 48:
-170141173319264429905852091742258462720.000000
-170141173319264429905852091742258462720.000000
-170141173319264429905852091742258462720.000000
-170141173319264429905852091742258462720.000000
-170141173319264429905852091742258462720.000000
-170141173319264429905852091742258462720.000000
-170141173319264429905852091742258462720.000000
-170141173319264429905852091742258462720.000000
-170141173319264429905852091742258462720.000000
-170141173319264429905852091742258462720.000000
-170141173319264429905852091742258462720.000000
-170141173319264429905852091742258462720.000000
-170141173319264429905852091742258462720.000000
-170141173319264429905852091742258462720.000000
-170141173319264429905852091742258462720.000000
-170141173319264429905852091742258462720.000000
-170141173319264429905852091742258462720.000000
-170141173319264429905852091742258462720.000000
-170141173319264429905852091742258462720.000000
-170141173319264429905852091742258462720.000000
The time step is 47:
-170141173319264429905852091742258462720.000000
-170141173319264429905852091742258462720.000000
-170141173319264429905852091742258462720.000000
-170141173319264429905852091742258462720.000000
-170141173319264429905852091742258462720.000000
-170141173319264429905852091742258462720.000000
-170141173319264429905852091742258462720.000000
-170141173319264429905852091742258462720.000000
-170141173319264429905852091742258462720.000000
-170141173319264429905852091742258462720.000000
-170141173319264429905852091742258462720.000000
-170141173319264429905852091742258462720.000000
-170141173319264429905852091742258462720.000000
-170141173319264429905852091742258462720.000000
-170141173319264429905852091742258462720.000000
-170141173319264429905852091742258462720.000000
-170141173319264429905852091742258462720.000000
-170141173319264429905852091742258462720.000000
-170141173319264429905852091742258462720.000000
-170141173319264429905852091742258462720.000000
The time step is 46:
-170141173319264429905852091742258462720.000000
-170141173319264429905852091742258462720.000000
-170141173319264429905852091742258462720.000000
-170141173319264429905852091742258462720.000000
-170141173319264429905852091742258462720.000000
-170141173319264429905852091742258462720.000000
-170141173319264429905852091742258462720.000000
-170141173319264429905852091742258462720.000000
-170141173319264429905852091742258462720.000000
-170141173319264429905852091742258462720.000000
-170141173319264429905852091742258462720.000000
-170141173319264429905852091742258462720.000000
-170141173319264429905852091742258462720.000000
-170141173319264429905852091742258462720.000000
-170141173319264429905852091742258462720.000000
-170141173319264429905852091742258462720.000000
-170141173319264429905852091742258462720.000000
-170141173319264429905852091742258462720.000000
-170141173319264429905852091742258462720.000000
-170141173319264429905852091742258462720.000000
The time step is 45:
-170141173319264429905852091742258462720.000000
-170141173319264429905852091742258462720.000000
-170141173319264429905852091742258462720.000000
-170141173319264429905852091742258462720.000000
-170141173319264429905852091742258462720.000000
-170141173319264429905852091742258462720.000000
-170141173319264429905852091742258462720.000000
-170141173319264429905852091742258462720.000000
-170141173319264429905852091742258462720.000000
-170141173319264429905852091742258462720.000000
-170141173319264429905852091742258462720.000000
-170141173319264429905852091742258462720.000000
-170141173319264429905852091742258462720.000000
-170141173319264429905852091742258462720.000000
-170141173319264429905852091742258462720.000000
-170141173319264429905852091742258462720.000000
-170141173319264429905852091742258462720.000000
-170141173319264429905852091742258462720.000000
-170141173319264429905852091742258462720.000000
-170141173319264429905852091742258462720.000000
The time step is 44:
-170141173319264429905852091742258462720.000000
-170141173319264429905852091742258462720.000000
-170141173319264429905852091742258462720.000000
-170141173319264429905852091742258462720.000000
-170141173319264429905852091742258462720.000000
-170141173319264429905852091742258462720.000000
-170141173319264429905852091742258462720.000000
-170141173319264429905852091742258462720.000000
-170141173319264429905852091742258462720.000000
-170141173319264429905852091742258462720.000000
-170141173319264429905852091742258462720.000000
-170141173319264429905852091742258462720.000000
-170141173319264429905852091742258462720.000000
-170141173319264429905852091742258462720.000000
-170141173319264429905852091742258462720.000000
-170141173319264429905852091742258462720.000000
-170141173319264429905852091742258462720.000000
-170141173319264429905852091742258462720.000000
-170141173319264429905852091742258462720.000000
-170141173319264429905852091742258462720.000000
The time step is 43:
-170141173319264429905852091742258462720.000000
-170141173319264429905852091742258462720.000000
-170141173319264429905852091742258462720.000000
-170141173319264429905852091742258462720.000000
-170141173319264429905852091742258462720.000000
-170141173319264429905852091742258462720.000000
-170141173319264429905852091742258462720.000000
-170141173319264429905852091742258462720.000000
-170141173319264429905852091742258462720.000000
-170141173319264429905852091742258462720.000000
-170141173319264429905852091742258462720.000000
-170141173319264429905852091742258462720.000000
-170141173319264429905852091742258462720.000000
-170141173319264429905852091742258462720.000000
-170141173319264429905852091742258462720.000000
-170141173319264429905852091742258462720.000000
-170141173319264429905852091742258462720.000000
-170141173319264429905852091742258462720.000000
-170141173319264429905852091742258462720.000000
-170141173319264429905852091742258462720.000000
The time step is 42:
-170141173319264429905852091742258462720.000000
-170141173319264429905852091742258462720.000000
-170141173319264429905852091742258462720.000000
-170141173319264429905852091742258462720.000000
-170141173319264429905852091742258462720.000000
-170141173319264429905852091742258462720.000000
-170141173319264429905852091742258462720.000000
-170141173319264429905852091742258462720.000000
-170141173319264429905852091742258462720.000000
-170141173319264429905852091742258462720.000000
-170141173319264429905852091742258462720.000000
-170141173319264429905852091742258462720.000000
-170141173319264429905852091742258462720.000000
-170141173319264429905852091742258462720.000000
-170141173319264429905852091742258462720.000000
-170141173319264429905852091742258462720.000000
-170141173319264429905852091742258462720.000000
-170141173319264429905852091742258462720.000000
-170141173319264429905852091742258462720.000000
-170141173319264429905852091742258462720.000000
The time step is 41:
-170141173319264429905852091742258462720.000000
-170141173319264429905852091742258462720.000000
-170141173319264429905852091742258462720.000000
-170141173319264429905852091742258462720.000000
-170141173319264429905852091742258462720.000000
-170141173319264429905852091742258462720.000000
-170141173319264429905852091742258462720.000000
-170141173319264429905852091742258462720.000000
-170141173319264429905852091742258462720.000000
-170141173319264429905852091742258462720.000000
-170141173319264429905852091742258462720.000000
-170141173319264429905852091742258462720.000000
-170141173319264429905852091742258462720.000000
-170141173319264429905852091742258462720.000000
-170141173319264429905852091742258462720.000000
-170141173319264429905852091742258462720.000000
-170141173319264429905852091742258462720.000000
-170141173319264429905852091742258462720.000000
-170141173319264429905852091742258462720.000000
-170141173319264429905852091742258462720.000000
The time step is 40:
-170141173319264429905852091742258462720.000000
-170141173319264429905852091742258462720.000000
-170141173319264429905852091742258462720.000000
-170141173319264429905852091742258462720.000000
-170141173319264429905852091742258462720.000000
-170141173319264429905852091742258462720.000000
-170141173319264429905852091742258462720.000000
-170141173319264429905852091742258462720.000000
-170141173319264429905852091742258462720.000000
-170141173319264429905852091742258462720.000000
-170141173319264429905852091742258462720.000000
-170141173319264429905852091742258462720.000000
-170141173319264429905852091742258462720.000000
-170141173319264429905852091742258462720.000000
-170141173319264429905852091742258462720.000000
-170141173319264429905852091742258462720.000000
-170141173319264429905852091742258462720.000000
-170141173319264429905852091742258462720.000000
-170141173319264429905852091742258462720.000000
-170141173319264429905852091742258462720.000000
The time step is 39:
-170141173319264429905852091742258462720.000000
-170141173319264429905852091742258462720.000000
-170141173319264429905852091742258462720.000000
-170141173319264429905852091742258462720.000000
-170141173319264429905852091742258462720.000000
-170141173319264429905852091742258462720.000000
-170141173319264429905852091742258462720.000000
-170141173319264429905852091742258462720.000000
-170141173319264429905852091742258462720.000000
-170141173319264429905852091742258462720.000000
-170141173319264429905852091742258462720.000000
-170141173319264429905852091742258462720.000000
-170141173319264429905852091742258462720.000000
-170141173319264429905852091742258462720.000000
-170141173319264429905852091742258462720.000000
-170141173319264429905852091742258462720.000000
-170141173319264429905852091742258462720.000000
-170141173319264429905852091742258462720.000000
-170141173319264429905852091742258462720.000000
-170141173319264429905852091742258462720.000000
The time step is 38:
-170141173319264429905852091742258462720.000000
-170141173319264429905852091742258462720.000000
-170141173319264429905852091742258462720.000000
-170141173319264429905852091742258462720.000000
-170141173319264429905852091742258462720.000000
-170141173319264429905852091742258462720.000000
-170141173319264429905852091742258462720.000000
-170141173319264429905852091742258462720.000000
-170141173319264429905852091742258462720.000000
-170141173319264429905852091742258462720.000000
-170141173319264429905852091742258462720.000000
-170141173319264429905852091742258462720.000000
-170141173319264429905852091742258462720.000000
-170141173319264429905852091742258462720.000000
-170141173319264429905852091742258462720.000000
-170141173319264429905852091742258462720.000000
-170141173319264429905852091742258462720.000000
-170141173319264429905852091742258462720.000000
-170141173319264429905852091742258462720.000000
-170141173319264429905852091742258462720.000000
The time step is 37:
-170141173319264429905852091742258462720.000000
-170141173319264429905852091742258462720.000000
-170141173319264429905852091742258462720.000000
-170141173319264429905852091742258462720.000000
-170141173319264429905852091742258462720.000000
-170141173319264429905852091742258462720.000000
-170141173319264429905852091742258462720.000000
-170141173319264429905852091742258462720.000000
-170141173319264429905852091742258462720.000000
-170141173319264429905852091742258462720.000000
-170141173319264429905852091742258462720.000000
-170141173319264429905852091742258462720.000000
-170141173319264429905852091742258462720.000000
-170141173319264429905852091742258462720.000000
-170141173319264429905852091742258462720.000000
-170141173319264429905852091742258462720.000000
-170141173319264429905852091742258462720.000000
-170141173319264429905852091742258462720.000000
-170141173319264429905852091742258462720.000000
-170141173319264429905852091742258462720.000000
The time step is 36:
-170141173319264429905852091742258462720.000000
-170141173319264429905852091742258462720.000000
-170141173319264429905852091742258462720.000000
-170141173319264429905852091742258462720.000000
-170141173319264429905852091742258462720.000000
-170141173319264429905852091742258462720.000000
-170141173319264429905852091742258462720.000000
-170141173319264429905852091742258462720.000000
-170141173319264429905852091742258462720.000000
-170141173319264429905852091742258462720.000000
-170141173319264429905852091742258462720.000000
-170141173319264429905852091742258462720.000000
-170141173319264429905852091742258462720.000000
-170141173319264429905852091742258462720.000000
-170141173319264429905852091742258462720.000000
-170141173319264429905852091742258462720.000000
-170141173319264429905852091742258462720.000000
-170141173319264429905852091742258462720.000000
-170141173319264429905852091742258462720.000000
-170141173319264429905852091742258462720.000000
The time step is 35:
-170141173319264429905852091742258462720.000000
-170141173319264429905852091742258462720.000000
-170141173319264429905852091742258462720.000000
-170141173319264429905852091742258462720.000000
-170141173319264429905852091742258462720.000000
-170141173319264429905852091742258462720.000000
-170141173319264429905852091742258462720.000000
-170141173319264429905852091742258462720.000000
-170141173319264429905852091742258462720.000000
-170141173319264429905852091742258462720.000000
-170141173319264429905852091742258462720.000000
-170141173319264429905852091742258462720.000000
-170141173319264429905852091742258462720.000000
-170141173319264429905852091742258462720.000000
-170141173319264429905852091742258462720.000000
-170141173319264429905852091742258462720.000000
-170141173319264429905852091742258462720.000000
-170141173319264429905852091742258462720.000000
-170141173319264429905852091742258462720.000000
-170141173319264429905852091742258462720.000000
The time step is 34:
-170141173319264429905852091742258462720.000000
-170141173319264429905852091742258462720.000000
-170141173319264429905852091742258462720.000000
-170141173319264429905852091742258462720.000000
-170141173319264429905852091742258462720.000000
-170141173319264429905852091742258462720.000000
-170141173319264429905852091742258462720.000000
-170141173319264429905852091742258462720.000000
-170141173319264429905852091742258462720.000000
-170141173319264429905852091742258462720.000000
-170141173319264429905852091742258462720.000000
-170141173319264429905852091742258462720.000000
-170141173319264429905852091742258462720.000000
-170141173319264429905852091742258462720.000000
-170141173319264429905852091742258462720.000000
-170141173319264429905852091742258462720.000000
-170141173319264429905852091742258462720.000000
-170141173319264429905852091742258462720.000000
-170141173319264429905852091742258462720.000000
-170141173319264429905852091742258462720.000000
The time step is 33:
-170141173319264429905852091742258462720.000000
-170141173319264429905852091742258462720.000000
-170141173319264429905852091742258462720.000000
-170141173319264429905852091742258462720.000000
-170141173319264429905852091742258462720.000000
-170141173319264429905852091742258462720.000000
-170141173319264429905852091742258462720.000000
-170141173319264429905852091742258462720.000000
-170141173319264429905852091742258462720.000000
-170141173319264429905852091742258462720.000000
-170141173319264429905852091742258462720.000000
-170141173319264429905852091742258462720.000000
-170141173319264429905852091742258462720.000000
-170141173319264429905852091742258462720.000000
-170141173319264429905852091742258462720.000000
-170141173319264429905852091742258462720.000000
-170141173319264429905852091742258462720.000000
-170141173319264429905852091742258462720.000000
-170141173319264429905852091742258462720.000000
-170141173319264429905852091742258462720.000000
The time step is 32:
-170141173319264429905852091742258462720.000000
-170141173319264429905852091742258462720.000000
-170141173319264429905852091742258462720.000000
-170141173319264429905852091742258462720.000000
-170141173319264429905852091742258462720.000000
-170141173319264429905852091742258462720.000000
-170141173319264429905852091742258462720.000000
-170141173319264429905852091742258462720.000000
-170141173319264429905852091742258462720.000000
-170141173319264429905852091742258462720.000000
-170141173319264429905852091742258462720.000000
-170141173319264429905852091742258462720.000000
-170141173319264429905852091742258462720.000000
-170141173319264429905852091742258462720.000000
-170141173319264429905852091742258462720.000000
-170141173319264429905852091742258462720.000000
-170141173319264429905852091742258462720.000000
-170141173319264429905852091742258462720.000000
-170141173319264429905852091742258462720.000000
-170141173319264429905852091742258462720.000000
The time step is 31:
-170141173319264429905852091742258462720.000000
-170141173319264429905852091742258462720.000000
-170141173319264429905852091742258462720.000000
-170141173319264429905852091742258462720.000000
-170141173319264429905852091742258462720.000000
-170141173319264429905852091742258462720.000000
-170141173319264429905852091742258462720.000000
-170141173319264429905852091742258462720.000000
-170141173319264429905852091742258462720.000000
-170141173319264429905852091742258462720.000000
-170141173319264429905852091742258462720.000000
-170141173319264429905852091742258462720.000000
-170141173319264429905852091742258462720.000000
-170141173319264429905852091742258462720.000000
-170141173319264429905852091742258462720.000000
-170141173319264429905852091742258462720.000000
-170141173319264429905852091742258462720.000000
-170141173319264429905852091742258462720.000000
-170141173319264429905852091742258462720.000000
-170141173319264429905852091742258462720.000000
The time step is 30:
-170141173319264429905852091742258462720.000000
-170141173319264429905852091742258462720.000000
-170141173319264429905852091742258462720.000000
-170141173319264429905852091742258462720.000000
-170141173319264429905852091742258462720.000000
-170141173319264429905852091742258462720.000000
-170141173319264429905852091742258462720.000000
-170141173319264429905852091742258462720.000000
-170141173319264429905852091742258462720.000000
-170141173319264429905852091742258462720.000000
-170141173319264429905852091742258462720.000000
-170141173319264429905852091742258462720.000000
-170141173319264429905852091742258462720.000000
-170141173319264429905852091742258462720.000000
-170141173319264429905852091742258462720.000000
-170141173319264429905852091742258462720.000000
-170141173319264429905852091742258462720.000000
-170141173319264429905852091742258462720.000000
-170141173319264429905852091742258462720.000000
-170141173319264429905852091742258462720.000000
The time step is 29:
-170141173319264429905852091742258462720.000000
-170141173319264429905852091742258462720.000000
-170141173319264429905852091742258462720.000000
-170141173319264429905852091742258462720.000000
-170141173319264429905852091742258462720.000000
-170141173319264429905852091742258462720.000000
-170141173319264429905852091742258462720.000000
-170141173319264429905852091742258462720.000000
-170141173319264429905852091742258462720.000000
-170141173319264429905852091742258462720.000000
-170141173319264429905852091742258462720.000000
-170141173319264429905852091742258462720.000000
-170141173319264429905852091742258462720.000000
-170141173319264429905852091742258462720.000000
-170141173319264429905852091742258462720.000000
-170141173319264429905852091742258462720.000000
-170141173319264429905852091742258462720.000000
-170141173319264429905852091742258462720.000000
-170141173319264429905852091742258462720.000000
-170141173319264429905852091742258462720.000000
The time step is 28:
-170141173319264429905852091742258462720.000000
-170141173319264429905852091742258462720.000000
-170141173319264429905852091742258462720.000000
-170141173319264429905852091742258462720.000000
-170141173319264429905852091742258462720.000000
-170141173319264429905852091742258462720.000000
-170141173319264429905852091742258462720.000000
-170141173319264429905852091742258462720.000000
-170141173319264429905852091742258462720.000000
-170141173319264429905852091742258462720.000000
-170141173319264429905852091742258462720.000000
-170141173319264429905852091742258462720.000000
-170141173319264429905852091742258462720.000000
-170141173319264429905852091742258462720.000000
-170141173319264429905852091742258462720.000000
-170141173319264429905852091742258462720.000000
-170141173319264429905852091742258462720.000000
-170141173319264429905852091742258462720.000000
-170141173319264429905852091742258462720.000000
-170141173319264429905852091742258462720.000000
The time step is 27:
-170141173319264429905852091742258462720.000000
-170141173319264429905852091742258462720.000000
-170141173319264429905852091742258462720.000000
-170141173319264429905852091742258462720.000000
-170141173319264429905852091742258462720.000000
-170141173319264429905852091742258462720.000000
-170141173319264429905852091742258462720.000000
-170141173319264429905852091742258462720.000000
-170141173319264429905852091742258462720.000000
-170141173319264429905852091742258462720.000000
-170141173319264429905852091742258462720.000000
-170141173319264429905852091742258462720.000000
-170141173319264429905852091742258462720.000000
-170141173319264429905852091742258462720.000000
-170141173319264429905852091742258462720.000000
-170141173319264429905852091742258462720.000000
-170141173319264429905852091742258462720.000000
-170141173319264429905852091742258462720.000000
-170141173319264429905852091742258462720.000000
-170141173319264429905852091742258462720.000000
The time step is 26:
-170141173319264429905852091742258462720.000000
-170141173319264429905852091742258462720.000000
-170141173319264429905852091742258462720.000000
-170141173319264429905852091742258462720.000000
-170141173319264429905852091742258462720.000000
-170141173319264429905852091742258462720.000000
-170141173319264429905852091742258462720.000000
-170141173319264429905852091742258462720.000000
-170141173319264429905852091742258462720.000000
-170141173319264429905852091742258462720.000000
-170141173319264429905852091742258462720.000000
-170141173319264429905852091742258462720.000000
-170141173319264429905852091742258462720.000000
-170141173319264429905852091742258462720.000000
-170141173319264429905852091742258462720.000000
-170141173319264429905852091742258462720.000000
-170141173319264429905852091742258462720.000000
-170141173319264429905852091742258462720.000000
-170141173319264429905852091742258462720.000000
-170141173319264429905852091742258462720.000000
The time step is 25:
-170141173319264429905852091742258462720.000000
-170141173319264429905852091742258462720.000000
-170141173319264429905852091742258462720.000000
-170141173319264429905852091742258462720.000000
-170141173319264429905852091742258462720.000000
-170141173319264429905852091742258462720.000000
-170141173319264429905852091742258462720.000000
-170141173319264429905852091742258462720.000000
-170141173319264429905852091742258462720.000000
-170141173319264429905852091742258462720.000000
-170141173319264429905852091742258462720.000000
-170141173319264429905852091742258462720.000000
-170141173319264429905852091742258462720.000000
-170141173319264429905852091742258462720.000000
-170141173319264429905852091742258462720.000000
-170141173319264429905852091742258462720.000000
-170141173319264429905852091742258462720.000000
-170141173319264429905852091742258462720.000000
-170141173319264429905852091742258462720.000000
-170141173319264429905852091742258462720.000000
The time step is 24:
-170141173319264429905852091742258462720.000000
-170141173319264429905852091742258462720.000000
-170141173319264429905852091742258462720.000000
-170141173319264429905852091742258462720.000000
-170141173319264429905852091742258462720.000000
-170141173319264429905852091742258462720.000000
-170141173319264429905852091742258462720.000000
-170141173319264429905852091742258462720.000000
-170141173319264429905852091742258462720.000000
-170141173319264429905852091742258462720.000000
-170141173319264429905852091742258462720.000000
-170141173319264429905852091742258462720.000000
-170141173319264429905852091742258462720.000000
-170141173319264429905852091742258462720.000000
-170141173319264429905852091742258462720.000000
-170141173319264429905852091742258462720.000000
-170141173319264429905852091742258462720.000000
-170141173319264429905852091742258462720.000000
-170141173319264429905852091742258462720.000000
-170141173319264429905852091742258462720.000000
The time step is 23:
-170141173319264429905852091742258462720.000000
-170141173319264429905852091742258462720.000000
-170141173319264429905852091742258462720.000000
-170141173319264429905852091742258462720.000000
-170141173319264429905852091742258462720.000000
-170141173319264429905852091742258462720.000000
-170141173319264429905852091742258462720.000000
-170141173319264429905852091742258462720.000000
-170141173319264429905852091742258462720.000000
-170141173319264429905852091742258462720.000000
-170141173319264429905852091742258462720.000000
-170141173319264429905852091742258462720.000000
-170141173319264429905852091742258462720.000000
-170141173319264429905852091742258462720.000000
-170141173319264429905852091742258462720.000000
-170141173319264429905852091742258462720.000000
-170141173319264429905852091742258462720.000000
-170141173319264429905852091742258462720.000000
-170141173319264429905852091742258462720.000000
-170141173319264429905852091742258462720.000000
The time step is 22:
-170141173319264429905852091742258462720.000000
-170141173319264429905852091742258462720.000000
-170141173319264429905852091742258462720.000000
-170141173319264429905852091742258462720.000000
-170141173319264429905852091742258462720.000000
-170141173319264429905852091742258462720.000000
-170141173319264429905852091742258462720.000000
-170141173319264429905852091742258462720.000000
-170141173319264429905852091742258462720.000000
-170141173319264429905852091742258462720.000000
-170141173319264429905852091742258462720.000000
-170141173319264429905852091742258462720.000000
-170141173319264429905852091742258462720.000000
-170141173319264429905852091742258462720.000000
-170141173319264429905852091742258462720.000000
-170141173319264429905852091742258462720.000000
-170141173319264429905852091742258462720.000000
-170141173319264429905852091742258462720.000000
-170141173319264429905852091742258462720.000000
-170141173319264429905852091742258462720.000000
The time step is 21:
-170141173319264429905852091742258462720.000000
-170141173319264429905852091742258462720.000000
-170141173319264429905852091742258462720.000000
-170141173319264429905852091742258462720.000000
-170141173319264429905852091742258462720.000000
-170141173319264429905852091742258462720.000000
-170141173319264429905852091742258462720.000000
-170141173319264429905852091742258462720.000000
-170141173319264429905852091742258462720.000000
-170141173319264429905852091742258462720.000000
-170141173319264429905852091742258462720.000000
-170141173319264429905852091742258462720.000000
-170141173319264429905852091742258462720.000000
-170141173319264429905852091742258462720.000000
-170141173319264429905852091742258462720.000000
-170141173319264429905852091742258462720.000000
-170141173319264429905852091742258462720.000000
-170141173319264429905852091742258462720.000000
-170141173319264429905852091742258462720.000000
-170141173319264429905852091742258462720.000000
The time step is 20:
-170141173319264429905852091742258462720.000000
-170141173319264429905852091742258462720.000000
-170141173319264429905852091742258462720.000000
-170141173319264429905852091742258462720.000000
-170141173319264429905852091742258462720.000000
-170141173319264429905852091742258462720.000000
-170141173319264429905852091742258462720.000000
-170141173319264429905852091742258462720.000000
-170141173319264429905852091742258462720.000000
-170141173319264429905852091742258462720.000000
-170141173319264429905852091742258462720.000000
-170141173319264429905852091742258462720.000000
-170141173319264429905852091742258462720.000000
-170141173319264429905852091742258462720.000000
-170141173319264429905852091742258462720.000000
-170141173319264429905852091742258462720.000000
-170141173319264429905852091742258462720.000000
-170141173319264429905852091742258462720.000000
-170141173319264429905852091742258462720.000000
-170141173319264429905852091742258462720.000000
The time step is 19:
-170141173319264429905852091742258462720.000000
-170141173319264429905852091742258462720.000000
-170141173319264429905852091742258462720.000000
-170141173319264429905852091742258462720.000000
-170141173319264429905852091742258462720.000000
-170141173319264429905852091742258462720.000000
-170141173319264429905852091742258462720.000000
-170141173319264429905852091742258462720.000000
-170141173319264429905852091742258462720.000000
-170141173319264429905852091742258462720.000000
-170141173319264429905852091742258462720.000000
-170141173319264429905852091742258462720.000000
-170141173319264429905852091742258462720.000000
-170141173319264429905852091742258462720.000000
-170141173319264429905852091742258462720.000000
-170141173319264429905852091742258462720.000000
-170141173319264429905852091742258462720.000000
-170141173319264429905852091742258462720.000000
-170141173319264429905852091742258462720.000000
-170141173319264429905852091742258462720.000000
The time step is 18:
-170141173319264429905852091742258462720.000000
-170141173319264429905852091742258462720.000000
-170141173319264429905852091742258462720.000000
-170141173319264429905852091742258462720.000000
-170141173319264429905852091742258462720.000000
-170141173319264429905852091742258462720.000000
-170141173319264429905852091742258462720.000000
-170141173319264429905852091742258462720.000000
-170141173319264429905852091742258462720.000000
-170141173319264429905852091742258462720.000000
-170141173319264429905852091742258462720.000000
-170141173319264429905852091742258462720.000000
-170141173319264429905852091742258462720.000000
-170141173319264429905852091742258462720.000000
-170141173319264429905852091742258462720.000000
-170141173319264429905852091742258462720.000000
-170141173319264429905852091742258462720.000000
-170141173319264429905852091742258462720.000000
-170141173319264429905852091742258462720.000000
-170141173319264429905852091742258462720.000000
The time step is 17:
-170141173319264429905852091742258462720.000000
-170141173319264429905852091742258462720.000000
-170141173319264429905852091742258462720.000000
-170141173319264429905852091742258462720.000000
-170141173319264429905852091742258462720.000000
-170141173319264429905852091742258462720.000000
-170141173319264429905852091742258462720.000000
-170141173319264429905852091742258462720.000000
-170141173319264429905852091742258462720.000000
-170141173319264429905852091742258462720.000000
-170141173319264429905852091742258462720.000000
-170141173319264429905852091742258462720.000000
-170141173319264429905852091742258462720.000000
-170141173319264429905852091742258462720.000000
-170141173319264429905852091742258462720.000000
-170141173319264429905852091742258462720.000000
-170141173319264429905852091742258462720.000000
-170141173319264429905852091742258462720.000000
-170141173319264429905852091742258462720.000000
-170141173319264429905852091742258462720.000000
The time step is 16:
-170141173319264429905852091742258462720.000000
-170141173319264429905852091742258462720.000000
-170141173319264429905852091742258462720.000000
-170141173319264429905852091742258462720.000000
-170141173319264429905852091742258462720.000000
-170141173319264429905852091742258462720.000000
-170141173319264429905852091742258462720.000000
-170141173319264429905852091742258462720.000000
-170141173319264429905852091742258462720.000000
-170141173319264429905852091742258462720.000000
-170141173319264429905852091742258462720.000000
-170141173319264429905852091742258462720.000000
-170141173319264429905852091742258462720.000000
-170141173319264429905852091742258462720.000000
-170141173319264429905852091742258462720.000000
-170141173319264429905852091742258462720.000000
-170141173319264429905852091742258462720.000000
-170141173319264429905852091742258462720.000000
-170141173319264429905852091742258462720.000000
-170141173319264429905852091742258462720.000000
The time step is 15:
-170141173319264429905852091742258462720.000000
-170141173319264429905852091742258462720.000000
-170141173319264429905852091742258462720.000000
-170141173319264429905852091742258462720.000000
-170141173319264429905852091742258462720.000000
-170141173319264429905852091742258462720.000000
-170141173319264429905852091742258462720.000000
-170141173319264429905852091742258462720.000000
-170141173319264429905852091742258462720.000000
-170141173319264429905852091742258462720.000000
-170141173319264429905852091742258462720.000000
-170141173319264429905852091742258462720.000000
-170141173319264429905852091742258462720.000000
-170141173319264429905852091742258462720.000000
-170141173319264429905852091742258462720.000000
-170141173319264429905852091742258462720.000000
-170141173319264429905852091742258462720.000000
-170141173319264429905852091742258462720.000000
-170141173319264429905852091742258462720.000000
-170141173319264429905852091742258462720.000000
The time step is 14:
-170141173319264429905852091742258462720.000000
-170141173319264429905852091742258462720.000000
-170141173319264429905852091742258462720.000000
-170141173319264429905852091742258462720.000000
-170141173319264429905852091742258462720.000000
-170141173319264429905852091742258462720.000000
-170141173319264429905852091742258462720.000000
-170141173319264429905852091742258462720.000000
-170141173319264429905852091742258462720.000000
-170141173319264429905852091742258462720.000000
-170141173319264429905852091742258462720.000000
-170141173319264429905852091742258462720.000000
-170141173319264429905852091742258462720.000000
-170141173319264429905852091742258462720.000000
-170141173319264429905852091742258462720.000000
-170141173319264429905852091742258462720.000000
-170141173319264429905852091742258462720.000000
-170141173319264429905852091742258462720.000000
-170141173319264429905852091742258462720.000000
-170141173319264429905852091742258462720.000000
The time step is 13:
-170141173319264429905852091742258462720.000000
-170141173319264429905852091742258462720.000000
-170141173319264429905852091742258462720.000000
-170141173319264429905852091742258462720.000000
-170141173319264429905852091742258462720.000000
-170141173319264429905852091742258462720.000000
-170141173319264429905852091742258462720.000000
-170141173319264429905852091742258462720.000000
-170141173319264429905852091742258462720.000000
-170141173319264429905852091742258462720.000000
-170141173319264429905852091742258462720.000000
-170141173319264429905852091742258462720.000000
-170141173319264429905852091742258462720.000000
-170141173319264429905852091742258462720.000000
-170141173319264429905852091742258462720.000000
-170141173319264429905852091742258462720.000000
-170141173319264429905852091742258462720.000000
-170141173319264429905852091742258462720.000000
-170141173319264429905852091742258462720.000000
-170141173319264429905852091742258462720.000000
The time step is 12:
-170141173319264429905852091742258462720.000000
-170141173319264429905852091742258462720.000000
-170141173319264429905852091742258462720.000000
-170141173319264429905852091742258462720.000000
-170141173319264429905852091742258462720.000000
-170141173319264429905852091742258462720.000000
-170141173319264429905852091742258462720.000000
-170141173319264429905852091742258462720.000000
-170141173319264429905852091742258462720.000000
-170141173319264429905852091742258462720.000000
-170141173319264429905852091742258462720.000000
-170141173319264429905852091742258462720.000000
-170141173319264429905852091742258462720.000000
-170141173319264429905852091742258462720.000000
-170141173319264429905852091742258462720.000000
-170141173319264429905852091742258462720.000000
-170141173319264429905852091742258462720.000000
-170141173319264429905852091742258462720.000000
-170141173319264429905852091742258462720.000000
-170141173319264429905852091742258462720.000000
The time step is 11:
-170141173319264429905852091742258462720.000000
-170141173319264429905852091742258462720.000000
-170141173319264429905852091742258462720.000000
-170141173319264429905852091742258462720.000000
-170141173319264429905852091742258462720.000000
-170141173319264429905852091742258462720.000000
-170141173319264429905852091742258462720.000000
-170141173319264429905852091742258462720.000000
-170141173319264429905852091742258462720.000000
-170141173319264429905852091742258462720.000000
-170141173319264429905852091742258462720.000000
-170141173319264429905852091742258462720.000000
-170141173319264429905852091742258462720.000000
-170141173319264429905852091742258462720.000000
-170141173319264429905852091742258462720.000000
-170141173319264429905852091742258462720.000000
-170141173319264429905852091742258462720.000000
-170141173319264429905852091742258462720.000000
-170141173319264429905852091742258462720.000000
-170141173319264429905852091742258462720.000000
The time step is 10:
-170141173319264429905852091742258462720.000000
-170141173319264429905852091742258462720.000000
-170141173319264429905852091742258462720.000000
-170141173319264429905852091742258462720.000000
-170141173319264429905852091742258462720.000000
-170141173319264429905852091742258462720.000000
-170141173319264429905852091742258462720.000000
-170141173319264429905852091742258462720.000000
-170141173319264429905852091742258462720.000000
-170141173319264429905852091742258462720.000000
-170141173319264429905852091742258462720.000000
-170141173319264429905852091742258462720.000000
-170141173319264429905852091742258462720.000000
-170141173319264429905852091742258462720.000000
-170141173319264429905852091742258462720.000000
-170141173319264429905852091742258462720.000000
-170141173319264429905852091742258462720.000000
-170141173319264429905852091742258462720.000000
-170141173319264429905852091742258462720.000000
-170141173319264429905852091742258462720.000000
The time step is 9:
-170141173319264429905852091742258462720.000000
-170141173319264429905852091742258462720.000000
-170141173319264429905852091742258462720.000000
-170141173319264429905852091742258462720.000000
-170141173319264429905852091742258462720.000000
-170141173319264429905852091742258462720.000000
-170141173319264429905852091742258462720.000000
-170141173319264429905852091742258462720.000000
-170141173319264429905852091742258462720.000000
-170141173319264429905852091742258462720.000000
-170141173319264429905852091742258462720.000000
-170141173319264429905852091742258462720.000000
-170141173319264429905852091742258462720.000000
-170141173319264429905852091742258462720.000000
-170141173319264429905852091742258462720.000000
-170141173319264429905852091742258462720.000000
-170141173319264429905852091742258462720.000000
-170141173319264429905852091742258462720.000000
-170141173319264429905852091742258462720.000000
-170141173319264429905852091742258462720.000000
The time step is 8:
-170141173319264429905852091742258462720.000000
-170141173319264429905852091742258462720.000000
-170141173319264429905852091742258462720.000000
-170141173319264429905852091742258462720.000000
-170141173319264429905852091742258462720.000000
-170141173319264429905852091742258462720.000000
-170141173319264429905852091742258462720.000000
-170141173319264429905852091742258462720.000000
-170141173319264429905852091742258462720.000000
-170141173319264429905852091742258462720.000000
-170141173319264429905852091742258462720.000000
-170141173319264429905852091742258462720.000000
-170141173319264429905852091742258462720.000000
-170141173319264429905852091742258462720.000000
-170141173319264429905852091742258462720.000000
-170141173319264429905852091742258462720.000000
-170141173319264429905852091742258462720.000000
-170141173319264429905852091742258462720.000000
-170141173319264429905852091742258462720.000000
-170141173319264429905852091742258462720.000000
The time step is 7:
-170141173319264429905852091742258462720.000000
-170141173319264429905852091742258462720.000000
-170141173319264429905852091742258462720.000000
-170141173319264429905852091742258462720.000000
-170141173319264429905852091742258462720.000000
-170141173319264429905852091742258462720.000000
-170141173319264429905852091742258462720.000000
-170141173319264429905852091742258462720.000000
-170141173319264429905852091742258462720.000000
-170141173319264429905852091742258462720.000000
-170141173319264429905852091742258462720.000000
-170141173319264429905852091742258462720.000000
-170141173319264429905852091742258462720.000000
-170141173319264429905852091742258462720.000000
-170141173319264429905852091742258462720.000000
-170141173319264429905852091742258462720.000000
-170141173319264429905852091742258462720.000000
-170141173319264429905852091742258462720.000000
-170141173319264429905852091742258462720.000000
-170141173319264429905852091742258462720.000000
The time step is 6:
-170141173319264429905852091742258462720.000000
-170141173319264429905852091742258462720.000000
-170141173319264429905852091742258462720.000000
-170141173319264429905852091742258462720.000000
-170141173319264429905852091742258462720.000000
-170141173319264429905852091742258462720.000000
-170141173319264429905852091742258462720.000000
-170141173319264429905852091742258462720.000000
-170141173319264429905852091742258462720.000000
-170141173319264429905852091742258462720.000000
-170141173319264429905852091742258462720.000000
-170141173319264429905852091742258462720.000000
-170141173319264429905852091742258462720.000000
-170141173319264429905852091742258462720.000000
-170141173319264429905852091742258462720.000000
-170141173319264429905852091742258462720.000000
-170141173319264429905852091742258462720.000000
-170141173319264429905852091742258462720.000000
-170141173319264429905852091742258462720.000000
-170141173319264429905852091742258462720.000000
The time step is 5:
-170141173319264429905852091742258462720.000000
-170141173319264429905852091742258462720.000000
-170141173319264429905852091742258462720.000000
-170141173319264429905852091742258462720.000000
-170141173319264429905852091742258462720.000000
-170141173319264429905852091742258462720.000000
-170141173319264429905852091742258462720.000000
-170141173319264429905852091742258462720.000000
-170141173319264429905852091742258462720.000000
-170141173319264429905852091742258462720.000000
-170141173319264429905852091742258462720.000000
-170141173319264429905852091742258462720.000000
-170141173319264429905852091742258462720.000000
-170141173319264429905852091742258462720.000000
-170141173319264429905852091742258462720.000000
-170141173319264429905852091742258462720.000000
-170141173319264429905852091742258462720.000000
-170141173319264429905852091742258462720.000000
-170141173319264429905852091742258462720.000000
-170141173319264429905852091742258462720.000000
The time step is 4:
-170141173319264429905852091742258462720.000000
-170141173319264429905852091742258462720.000000
-170141173319264429905852091742258462720.000000
-170141173319264429905852091742258462720.000000
-170141173319264429905852091742258462720.000000
-170141173319264429905852091742258462720.000000
-170141173319264429905852091742258462720.000000
-170141173319264429905852091742258462720.000000
-170141173319264429905852091742258462720.000000
-170141173319264429905852091742258462720.000000
-170141173319264429905852091742258462720.000000
-170141173319264429905852091742258462720.000000
-170141173319264429905852091742258462720.000000
-170141173319264429905852091742258462720.000000
-170141173319264429905852091742258462720.000000
-170141173319264429905852091742258462720.000000
-170141173319264429905852091742258462720.000000
-170141173319264429905852091742258462720.000000
-170141173319264429905852091742258462720.000000
-170141173319264429905852091742258462720.000000
The time step is 3:
-170141173319264429905852091742258462720.000000
-170141173319264429905852091742258462720.000000
-170141173319264429905852091742258462720.000000
-170141173319264429905852091742258462720.000000
-170141173319264429905852091742258462720.000000
-170141173319264429905852091742258462720.000000
-170141173319264429905852091742258462720.000000
-170141173319264429905852091742258462720.000000
-170141173319264429905852091742258462720.000000
-170141173319264429905852091742258462720.000000
-170141173319264429905852091742258462720.000000
-170141173319264429905852091742258462720.000000
-170141173319264429905852091742258462720.000000
-170141173319264429905852091742258462720.000000
-170141173319264429905852091742258462720.000000
-170141173319264429905852091742258462720.000000
-170141173319264429905852091742258462720.000000
-170141173319264429905852091742258462720.000000
-170141173319264429905852091742258462720.000000
-170141173319264429905852091742258462720.000000
The time step is 2:
-170141173319264429905852091742258462720.000000
-170141173319264429905852091742258462720.000000
-170141173319264429905852091742258462720.000000
-170141173319264429905852091742258462720.000000
-170141173319264429905852091742258462720.000000
-170141173319264429905852091742258462720.000000
-170141173319264429905852091742258462720.000000
-170141173319264429905852091742258462720.000000
-170141173319264429905852091742258462720.000000
-170141173319264429905852091742258462720.000000
-170141173319264429905852091742258462720.000000
-170141173319264429905852091742258462720.000000
-170141173319264429905852091742258462720.000000
-170141173319264429905852091742258462720.000000
-170141173319264429905852091742258462720.000000
-170141173319264429905852091742258462720.000000
-170141173319264429905852091742258462720.000000
-170141173319264429905852091742258462720.000000
-170141173319264429905852091742258462720.000000
-170141173319264429905852091742258462720.000000
The time step is 1:
-170141173319264429905852091742258462720.000000
-170141173319264429905852091742258462720.000000
-170141173319264429905852091742258462720.000000
-170141173319264429905852091742258462720.000000
-170141173319264429905852091742258462720.000000
-170141173319264429905852091742258462720.000000
-170141173319264429905852091742258462720.000000
-170141173319264429905852091742258462720.000000
-170141173319264429905852091742258462720.000000
-170141173319264429905852091742258462720.000000
-170141173319264429905852091742258462720.000000
-170141173319264429905852091742258462720.000000
-170141173319264429905852091742258462720.000000
-170141173319264429905852091742258462720.000000
-170141173319264429905852091742258462720.000000
-170141173319264429905852091742258462720.000000
-170141173319264429905852091742258462720.000000
-170141173319264429905852091742258462720.000000
-170141173319264429905852091742258462720.000000
-170141173319264429905852091742258462720.000000
The time step is 0:
-170141173319264429905852091742258462720.000000
-170141173319264429905852091742258462720.000000
-170141173319264429905852091742258462720.000000
-170141173319264429905852091742258462720.000000
-170141173319264429905852091742258462720.000000
-170141173319264429905852091742258462720.000000
-170141173319264429905852091742258462720.000000
-170141173319264429905852091742258462720.000000
-170141173319264429905852091742258462720.000000
-170141173319264429905852091742258462720.000000
-170141173319264429905852091742258462720.000000
-170141173319264429905852091742258462720.000000
-170141173319264429905852091742258462720.000000
-170141173319264429905852091742258462720.000000
-170141173319264429905852091742258462720.000000
-170141173319264429905852091742258462720.000000
-170141173319264429905852091742258462720.000000
-170141173319264429905852091742258462720.000000
-170141173319264429905852091742258462720.000000
-170141173319264429905852091742258462720.000000
Iteration 1: -11.637330 logprob/frame (68 frames)
