 -3.55423 2.67644 0.246854 0.824673 1.64734 0.386702 -0.383149 0.265572 -0.622126 0.0824796 0.522886 0.156133 -0.323545 0.168399 -0.421551 0.0667919 0.501414 0.229325 -0.199986 0.0882803 0.216873 0.0902686 0.334287 0.0490742
 -2.54123 3.12833 -0.218393 0.403439 1.92672 0.109522 0.172097 0.625855 -0.696929 0.163423 -0.890127 0.117909 0.0689919 0.249297 0.0502407 0.112765 -0.137624 0.10362 -0.519158 0.168254 0.138895 0.128921 0.101965 0.203693
 5.05698 0.619767 -0.798246 2.05839 1.73862 1.38504 1.70876 0.698921 -1.51784 0.334012 -1.25504 0.712745 -0.908882 0.101912 -0.705371 0.0312461 0.287344 0.121598 -0.550334 0.118447 0.0220373 0.0567774 -0.287148 0.103264
 6.88241 0.73776 0.675263 3.31501 0.868243 1.41647 0.30744 0.452309 -1.04367 0.0302072 -0.101061 0.554682 -0.669087 0.208429 -1.56698 0.132776 -0.327473 0.166826 -0.173589 0.155808 0.763306 0.068394 -0.233273 0.0748189
 5.91151 1.94204 3.16654 0.613199 0.857893 0.366609 1.05202 0.640696 0.451643 0.638607 0.398034 0.276991 0.142771 0.134056 -0.324167 0.202652 -0.223358 0.0536086 -0.580588 0.240857 -0.267311 0.172538 -0.0853321 0.0475586
 0.827139 0.648778 1.08289 1.11146 0.190397 0.296787 0.64888 0.116007 0.121273 0.0948717 -0.00646836 0.125785 -0.302539 0.23339 -0.045798 0.0933425 -0.12676 0.0955612 -0.282988 0.142301 -0.211558 0.110923 0.282415 0.118963
 1.2754 3.31826 2.7142 0.724621 3.07963 0.469959 0.373618 0.661333 0.840916 0.247386 0.233086 0.105174 -1.44801 0.358139 -0.276727 0.255729 -0.371251 0.115978 -0.244679 0.0238458 0.290351 0.0585424 -0.310736 0.162968
 2.45378 0.239205 1.39767 0.947058 2.63278 1.6089 1.0755 0.137319 0.145334 0.0596114 -0.501462 0.0271043 -1.01992 0.0592341 -0.570224 0.0306869 -0.464708 0.0536341 -0.448637 0.102627 -0.197798 0.0764201 -0.363673 0.0521785
 1.58568 2.4932 3.07556 1.1445 1.0372 0.776538 1.96998 0.191391 -0.224888 0.0240405 -1.4705 0.248217 -0.555269 0.0559717 -0.970335 0.152293 -0.429919 0.0580185 -0.804714 0.0272349 -0.700259 0.0230473 -0.654038 0.0750308
 4.43212 1.7557 -1.11802 0.928162 3.52622 0.950061 3.17617 1.12706 -0.875476 0.0531392 -1.42477 0.458226 -0.355416 0.0510756 -0.898347 0.00726778 -0.0843061 0.269429 -0.780908 0.0215216 -0.973056 0.0967873 0.0631745 0.0661492
 3.24121 1.9981 -0.700502 0.786073 1.39121 0.164939 0.222018 2.29688 -2.05148 1.0764 -2.30437 0.528997 -0.828838 0.016262 -0.779659 0.197972 -0.994885 0.0921721 -0.781341 0.0878921 -0.514729 0.0414945 -0.364547 0.025285
 6.59158 1.54338 -0.70288 0.921056 -2.76174 4.25702 -0.141379 1.26381 -0.790839 0.996401 -1.06211 0.704307 -2.06257 0.305454 -0.358542 0.530021 -0.609339 0.0596473 -0.649336 0.233267 -0.809754 0.0455328 -0.632183 0.0668466
 8.97851 0.752959 0.704274 0.120135 -1.29596 2.51505 0.189864 0.574028 -0.174307 0.0415972 0.117369 0.463983 -0.405925 0.33972 -1.62239 0.492322 -0.262659 0.024437 0.280776 0.106237 -0.755559 0.153497 0.155516 0.117758
 8.23523 0.235555 -0.374951 0.214516 -3.55772 0.336875 -0.260182 0.163163 0.201178 0.0974742 -0.173617 0.098423 -1.33849 0.81343 0.376161 0.0728244 -0.00574482 0.279644 -0.230221 0.0574277 -0.0171947 0.146658 -0.381918 0.0665146
 8.70062 1.56421 1.87402 1.56951 -0.545448 1.21456 -0.0890557 0.0991196 -1.41874 0.369008 -0.510084 0.244052 0.593087 0.0769944 0.620494 0.10676 -0.436552 0.0558138 -0.62191 0.107171 0.0572343 0.0693886 0.211681 0.211553
 5.82647 2.10993 1.98616 0.625302 0.0258319 1.11968 -0.0879533 1.28923 0.219399 0.791184 1.44645 0.23636 0.586882 0.38015 0.275499 0.144686 -0.505388 0.350486 -0.685754 0.179084 -0.625228 0.196125 -0.164598 0.123056
 3.2453 0.14723 0.243222 0.186324 -0.921345 0.0632927 -0.633305 0.344142 0.181013 0.242948 1.35061 0.200171 0.15644 0.376771 -0.329664 0.314902 -0.241961 0.137112 0.00125017 0.0577812 0.184163 0.0979519 0.0276572 0.0873246
 0.473332 3.23924 1.92343 0.719649 0.79822 0.285351 0.876399 0.237276 0.358253 0.27592 0.337058 0.227612 0.0726263 0.240918 0.137946 0.167256 0.047172 0.153821 -0.028872 0.127393 -0.0666288 0.103462 0.0641183 0.111165
 -1.20572 0.442091 1.70941 0.184975 0.751647 0.103808 0.761404 0.108472 0.286077 0.123841 0.322456 0.125159 0.170915 0.108342 0.336158 0.082011 0.334704 0.0767853 0.378451 0.0757738 0.294641 0.0653935 0.228063 0.0649303
 0.0425135 2.2374 2.24313 1.73866 1.26692 0.520419 1.2058 0.362792 0.497686 0.389096 0.503143 0.230429 0.201866 0.160497 0.259478 0.166228 0.144951 0.0965247 0.158441 0.115866 0.034469 0.0779345 0.0716336 0.0927288
